506197219
507288711
514301328
515444537
522494523
524429588
526223443
528354396
529844110
530024741
530239056
539685680
543407071
543767360
546529139
546854143
546894737
549155865
550027578
564582112
567860236
576328501
578907324
588204317
591359514
594065270
598290085
605792216
611684595
620912146
622958277
632962636
633984358
634727158
635844897
636636327
640093101
641870708
643594036
646855648
647189929
651369747
655054399
665853326
666660682
671210793
673414240
673894325
674059556
676535716
678327584
681166266
683571805
685536582
687040372
697717713
700053402
704605885
708644808
710111847
715317416
715929189
719237532
723946205
724622789
738648366
739836937
742400470
743158516
760048190
762874401
766684449
771809724
772360911
776051941
782164121
791116799
825370617
845834556
850275000
868765286
1013166926
1020801586
1021524260
1023967373
1025010381
1070246366
1073397223
1105690777
1110245321
1142659197
1162477198
1183718696
1237177272
1301525299
1313573297
1435450051
1487333232
1535588168
1554704867
1555854949
1582055353
1657021628
100000179126806
100000504192770
100000573819194
100000599232857
100000613737024
100000687566145
100001375956406
100003077472922
100003093703337
100005206207129
